1   1   1   373
1   1   2   294
1   1   3   100
1   1   4   106
2   1   1   427
2   1   2   507
2   1   3   239
2   1   4   191
3   1   1   75
3   1   2   74
3   1   3   74
3   1   4   80
4   1   1   55
4   1   2   58
4   1   3   48
4   1   4   101
1   2   1   379
1   2   2   496
1   2   3   242
1   2   4   168
2   2   1   612
2   2   2   1399
2   2   3   814
2   2   4   499
3   2   1   87
3   2   2   168
3   2   3   167
3   2   4   171
4   2   1   77
4   2   2   127
4   2   3   90
4   2   4   172
1   3   1   72
1   3   2   109
1   3   3   168
1   3   4   138
2   3   1   177
2   3   2   356
2   3   3   696
2   3   4   421
3   3   1   103
3   3   2   207
3   3   3   537
3   3   4   473
4   3   1   42
4   3   2   82
4   3   3   183
4   3   4   311
1   4   1   62
1   4   2   78
1   4   3   51
1   4   4   174
2   4   1   122
2   4   2   220
2   4   3   205
2   4   4   442
3   4   1   85
3   4   2   145
3   4   3   269
3   4   4   576
4   4   1   125
4   4   2   195
4   4   3   269
4   4   4   1074


